0
55836672
129236992
187695104
240910336
314572800
374865920
436994048
495714304
532938752
590610432
590872576
592183296
592445440
592707584
592969728
593756160
594018304
594280448
594542592
594804736
595066880
596639744
596901888
597164032
597426176
597688320
598474752
598736896
598999040
599261184
599523328
600309760
600571904
600834048
601096192
601358336
602144768
602406912
602669056
602931200
603193344
603455488
604241920
604504064
604766208
605028352
605814784
606076928
606339072
606601216
607387648
607649792
608436224
609484800
609746944
610009088
610795520
611581952
612368384
613154816
613416960
613941248
614465536
614727680
614989824
615514112
616038400
616824832
617611264
618135552
618659840
619184128
619708416
620232704
621019136
621543424
622067712
622592000
623116288
623640576
624164864
625213440
625737728
626262016
626786304
627834880
628359168
629145600
629669888
630194176
630718464
631242752
631767040
632291328
632553472
632815616
633077760
633339904
633602048
633864192
634912768
635174912
639107072
639369216
639631360
639893504
640155648
641204224
641728512
641990656
642252800
642514944
642777088
643039232
643563520
643825664
644087808
644349952
644874240
645136384
645398528
645660672
645922816
646971392
647233536
647495680
647757824
648019968
648282112
648544256
648806400
649068544
650117120
650379264
651165696
651427840
651689984
651952128
652214272
652476416
652738560
653000704
653262848
653524992
653787136
654049280
654311424
654573568
654835712
655097856
655360000
655622144
655884288
656146432
656408576
656932864
657195008
657457152
657981440
658243584
658505728
658767872
659030016
659292160
659554304
659816448
660078592
660340736
660602880
660865024
661127168
661389312
661651456
662175744
662700032
662962176
663486464
663748608
664010752
664272896
664797184
665059328
665845760
666370048
666632192
667680768
667942912
668205056
668467200
668729344
668991488
669253632
669777920
670302208
670564352
670826496
671088640
671350784
671612928
671875072
672399360
672661504
672923648
673447936
673710080
673972224
674234368
674496512
674758656
675020800
675282944
675545088
675807232
676069376
676331520
676593664
676855808
677117952
677380096
677642240
677904384
678166528
678428672
678690816
679215104
679477248
679739392
680001536
680263680
680525824
680787968
681050112
681312256
681574400
682098688
682360832
682622976
